0,655,557,896,721,car, 
1,198,559,514,762,car, 
2,986,429,1219,578,car, 
3,706,410,918,545,car, 
4,59,393,309,529,car, 
5,432,378,652,515,car, 
6,416,283,621,409,car, 
7,1163,243,1347,360,car, 
8,931,206,1130,337,car, 
9,678,100,844,197,car, 
10,691,202,874,316,car, 
11,1066,85,1232,179,car, 
12,436,175,638,285,car, 
13,130,255,362,383,car, 
14,906,144,1052,239,car, 
15,889,47,1039,131,car, 
16,1288,105,1381,201,car, 
17,1244,30,1380,117,car, 
18,280,753,448,797,car, 
19,931,610,1016,686,motorcycle, 
20,1311,254,1380,408,car, 
0,664,551,904,716,car, 
1,217,551,531,754,car, 
2,995,424,1230,576,car, 
3,719,405,931,540,car, 
4,68,391,317,525,car, 
5,451,371,667,507,car, 
6,418,281,624,409,car, 
7,1170,239,1352,358,car, 
8,943,202,1143,334,car, 
9,678,99,844,197,car, 
10,692,202,876,316,car, 
11,1065,84,1231,178,car, 
12,435,174,638,285,car, 
13,129,255,362,382,car, 
14,906,143,1053,238,car, 
15,889,46,1039,131,car, 
16,1293,101,1381,196,car, 
17,1244,29,1380,116,car, 
18,281,746,462,797,car, 
19,940,603,1028,682,motorcycle, 
20,1320,252,1381,402,car, 
21,1144,4,1299,67,car, 
0,670,548,911,713,car, 
1,228,546,541,749,car, 
2,1001,420,1237,569,car, 
3,728,401,939,534,car, 
4,71,389,322,523,car, 
5,462,367,678,502,car, 
6,420,281,626,412,car, 
7,1174,236,1356,354,car, 
8,953,197,1149,329,car, 
9,678,99,844,197,car, 
10,693,201,877,315,car, 
11,1065,84,1231,178,car, 
12,435,174,638,284,car, 
13,129,254,362,380,car, 
14,906,142,1053,238,car, 
15,889,46,1039,131,car, 
16,1299,102,1381,195,car, 
17,1244,29,1380,115,car, 
18,280,742,470,797,car, 
19,940,603,1028,682,motorcycle, 
20,1324,251,1381,395,car, 
21,1145,5,1300,67,car, 
22,0,609,26,698,car, 
0,678,545,917,709,car, 
1,240,541,552,743,car, 
2,1007,418,1242,565,car, 
3,739,396,948,529,car, 
4,77,386,324,521,car, 
5,475,362,689,497,car, 
6,421,281,626,411,car, 
7,1178,234,1359,351,car, 
8,960,193,1156,325,car, 
9,678,98,844,196,car, 
10,693,200,878,314,car, 
11,1065,83,1231,178,car, 
12,435,173,637,284,car, 
13,129,253,362,381,car, 
14,906,141,1054,238,car, 
15,888,45,1039,130,car, 
16,1303,102,1381,193,car, 
17,1241,29,1380,115,car, 
18,276,739,478,797,car, 
19,956,596,1039,672,motorcycle, 
20,1324,251,1381,395,car, 
21,1147,4,1301,65,car, 
22,0,601,42,705,car, 
0,684,541,923,705,car, 
1,253,536,560,737,car, 
2,1015,415,1249,560,car, 
3,748,391,957,524,car, 
4,80,385,328,519,car, 
5,484,358,699,490,car, 
6,420,280,627,410,car, 
7,1183,232,1363,350,car, 
8,967,190,1163,321,car, 
9,678,97,844,196,car, 
10,694,200,878,313,car, 
11,1065,82,1231,176,car, 
12,434,172,637,283,car, 
13,129,252,362,380,car, 
14,906,140,1054,237,car, 
15,888,45,1039,129,car, 
16,1303,102,1381,193,car, 
17,1240,28,1380,114,car, 
18,272,735,487,797,car, 
19,960,593,1046,668,motorcycle, 
20,1305,101,1381,190,car, 
21,1147,4,1301,65,car, 
22,0,596,57,702,car, 
0,690,537,930,702,car, 
1,265,531,570,730,car, 
2,1022,410,1253,558,car, 
3,759,386,967,518,car, 
4,84,383,331,516,car, 
5,495,352,710,487,car, 
6,421,279,628,409,car, 
7,1188,229,1371,347,car, 
8,974,188,1171,317,car, 
9,678,97,844,195,car, 
10,693,198,878,312,car, 
11,1065,81,1231,174,car, 
12,434,171,638,283,car, 
13,128,251,361,379,car, 
14,906,138,1054,236,car, 
15,888,43,1040,129,car, 
16,1309,101,1381,189,car, 
17,1240,28,1380,113,car, 
18,272,732,493,797,car, 
19,966,589,1051,664,motorcycle, 
20,1337,259,1381,376,car, 
21,0,588,72,697,car, 
22,0,596,57,702,car, 
0,697,534,936,699,car, 
1,275,527,580,726,car, 
2,1027,408,1259,552,car, 
3,769,382,978,513,car, 
4,88,380,335,514,car, 
5,508,349,721,481,car, 
6,422,279,629,407,car, 
7,1192,226,1374,344,car, 
8,982,185,1177,315,car, 
9,679,96,845,194,car, 
10,693,198,878,312,car, 
11,1066,80,1231,173,car, 
12,433,170,638,282,car, 
13,128,250,361,379,car, 
14,905,137,1054,234,car, 
15,888,42,1039,128,car, 
16,1314,100,1381,187,car, 
17,1241,27,1380,112,car, 
18,272,729,501,797,car, 
19,966,589,1051,664,motorcycle, 
20,1341,266,1381,369,car, 
21,0,588,72,697,car, 
22,0,583,88,692,car, 
0,702,531,940,695,car, 
1,285,523,591,720,car, 
2,1032,405,1264,548,car, 
3,780,378,988,508,car, 
4,92,377,339,512,car, 
5,520,344,731,476,car, 
6,421,278,629,406,car, 
7,1198,225,1377,341,car, 
8,988,183,1183,311,car, 
9,679,95,845,193,car, 
10,693,197,879,312,car, 
11,1065,78,1231,172,car, 
12,432,170,637,281,car, 
13,128,249,360,379,car, 
14,905,137,1054,234,car, 
15,889,42,1039,128,car, 
16,1316,100,1381,185,car, 
17,1241,26,1380,112,car, 
18,272,726,507,797,car, 
19,979,583,1067,658,motorcycle, 
20,1345,267,1381,361,car, 
21,0,577,101,690,car, 
22,0,583,88,692,car, 
0,709,528,947,690,car, 
1,296,518,599,716,car, 
2,1037,402,1269,546,car, 
3,791,374,997,505,car, 
4,95,376,343,510,car, 
5,531,340,742,471,car, 
6,420,277,629,405,car, 
7,1202,222,1379,340,car, 
8,993,177,1189,307,car, 
9,680,95,846,192,car, 
10,693,196,879,311,car, 
11,1065,78,1231,171,car, 
12,432,169,637,280,car, 
13,127,249,360,378,car, 
14,904,136,1054,233,car, 
15,888,42,1039,128,car, 
16,1319,100,1381,182,car, 
17,1241,26,1380,112,car, 
18,271,724,512,797,car, 
19,0,572,114,691,motorcycle, 
20,1345,267,1381,361,car, 
21,0,577,101,690,car, 
22,1348,272,1381,358,car, 
0,715,525,953,686,car, 
1,306,512,610,712,car, 
2,1041,400,1273,546,car, 
3,799,369,1007,499,car, 
4,98,375,345,507,car, 
5,543,335,752,467,car, 
6,421,277,629,405,car, 
7,1206,216,1382,336,car, 
8,1001,175,1195,304,car, 
9,680,94,846,191,car, 
10,693,195,878,310,car, 
11,1065,78,1232,170,car, 
12,431,168,637,279,car, 
13,127,248,359,377,car, 
14,904,136,1054,233,car, 
15,889,41,1039,128,car, 
16,1321,100,1381,180,car, 
17,1241,25,1380,111,car, 
18,271,720,519,797,car, 
19,0,572,114,691,motorcycle, 
20,1351,272,1381,359,car, 
21,0,567,127,691,car, 
22,1348,272,1381,358,car, 
0,721,523,958,682,car, 
1,317,508,619,706,car, 
2,1046,398,1278,545,car, 
3,811,366,1016,494,car, 
4,102,373,348,507,car, 
5,555,332,762,462,car, 
6,421,276,629,405,car, 
7,1210,216,1381,334,car, 
8,1005,173,1201,301,car, 
9,681,93,847,191,car, 
10,692,195,878,310,car, 
11,1065,78,1232,170,car, 
12,431,167,637,279,car, 
13,126,248,358,377,car, 
14,903,136,1053,233,car, 
15,888,41,1038,128,car, 
16,1324,99,1381,178,car, 
17,1241,25,1380,110,car, 
18,270,717,525,795,car, 
19,994,575,1085,650,motorcycle, 
20,1351,272,1381,359,car, 
21,0,562,140,689,car, 
22,1355,274,1381,348,car, 
0,727,519,965,680,car, 
1,329,506,629,701,car, 
2,1050,396,1282,544,car, 
3,822,362,1025,489,car, 
4,104,372,350,506,car, 
5,565,328,772,456,car, 
6,422,276,628,405,car, 
7,1215,215,1381,334,car, 
8,1012,171,1206,299,car, 
9,681,92,848,190,car, 
10,692,194,877,310,car, 
11,1065,77,1231,170,car, 
12,430,168,636,278,car, 
13,125,248,358,377,car, 
14,902,135,1053,232,car, 
15,888,41,1038,127,car, 
16,1324,99,1381,178,car, 
17,1241,25,1380,110,car, 
18,268,715,530,796,car, 
19,1004,572,1092,644,motorcycle, 
20,1327,98,1381,176,car, 
21,0,558,153,690,car, 
22,1355,274,1381,348,car, 
0,733,517,968,678,car, 
1,339,503,636,696,car, 
2,1057,394,1286,542,car, 
3,831,357,1035,484,car, 
4,107,371,351,504,car, 
5,576,324,783,453,car, 
6,421,275,628,404,car, 
7,1220,210,1381,332,car, 
8,1018,168,1212,297,car, 
9,681,92,848,189,car, 
10,691,194,877,310,car, 
11,1065,77,1231,169,car, 
12,430,168,635,277,car, 
13,125,248,357,377,car, 
14,903,135,1053,232,car, 
15,888,41,1038,127,car, 
16,1329,98,1381,175,car, 
17,1240,24,1380,110,car, 
18,273,710,538,796,car, 
19,1012,569,1099,643,motorcycle, 
20,1327,98,1381,176,car, 
21,0,558,153,690,car, 
22,0,552,165,690,car, 
0,739,513,974,674,car, 
1,348,499,645,692,car, 
2,1059,392,1290,536,car, 
3,840,352,1043,479,car, 
4,109,370,354,504,car, 
5,587,319,793,447,car, 
6,420,274,628,404,car, 
7,1224,210,1381,328,car, 
8,1023,166,1216,294,car, 
9,682,90,849,189,car, 
10,691,194,876,309,car, 
11,1064,77,1230,169,car, 
12,430,169,635,276,car, 
13,124,247,357,377,car, 
14,904,135,1053,232,car, 
15,887,40,1037,126,car, 
16,1329,98,1381,175,car, 
17,1240,23,1380,109,car, 
18,270,707,542,795,car, 
19,1020,565,1103,639,motorcycle, 
20,1331,98,1381,174,car, 
21,0,547,178,691,car, 
22,0,552,165,690,car, 
0,746,510,980,671,car, 
1,359,495,654,687,car, 
2,1063,390,1293,533,car, 
3,850,349,1052,475,car, 
4,111,369,357,501,car, 
5,598,315,801,444,car, 
6,420,274,628,403,car, 
7,1228,207,1381,327,car, 
8,1029,164,1222,291,car, 
9,683,90,849,188,car, 
10,691,193,876,308,car, 
11,1063,76,1230,169,car, 
12,429,168,635,276,car, 
13,124,247,357,377,car, 
14,902,134,1052,232,car, 
15,887,40,1037,126,car, 
16,1334,98,1381,173,car, 
17,1240,23,1380,109,car, 
18,270,705,547,796,car, 
19,1023,561,1109,637,motorcycle, 
20,0,737,47,794,car, 
21,0,542,190,693,car, 
22,0,367,13,426,car, 
0,752,508,986,667,car, 
1,368,490,663,683,car, 
2,1068,387,1298,530,car, 
3,858,347,1060,472,car, 
4,113,368,360,500,car, 
5,608,312,811,439,car, 
6,419,274,627,403,car, 
7,1233,204,1381,325,car, 
8,1035,162,1227,290,car, 
9,684,90,850,188,car, 
10,691,193,876,309,car, 
11,1063,76,1229,169,car, 
12,429,167,634,276,car, 
13,123,246,357,376,car, 
14,902,133,1052,232,car, 
15,886,39,1036,125,car, 
16,1337,99,1381,170,car, 
17,1240,22,1380,108,car, 
18,269,701,555,796,car, 
19,1023,561,1109,637,motorcycle, 
20,0,730,61,796,car, 
21,0,537,202,697,car, 
22,0,362,14,427,car, 
0,758,505,992,664,car, 
1,379,486,671,679,car, 
2,1071,384,1301,527,car, 
3,865,343,1068,468,car, 
4,116,367,361,499,car, 
5,617,309,821,436,car, 
6,420,273,627,402,car, 
7,1237,201,1381,322,car, 
8,1040,159,1230,286,car, 
9,685,89,850,188,car, 
10,690,192,875,310,car, 
11,1063,75,1229,169,car, 
12,429,166,634,275,car, 
13,122,245,356,376,car, 
14,901,133,1051,231,car, 
15,886,39,1035,124,car, 
16,1339,98,1381,169,car, 
17,1240,22,1380,107,car, 
18,269,699,562,796,car, 
19,0,531,213,694,motorcycle, 
20,0,725,75,796,car, 
21,0,537,202,697,car, 
22,0,360,16,426,car, 
0,762,503,997,660,car, 
1,388,482,682,672,car, 
2,1074,383,1304,525,car, 
3,873,338,1075,463,car, 
4,117,365,363,499,car, 
5,626,306,828,431,car, 
6,418,272,626,402,car, 
7,1239,200,1381,318,car, 
8,1043,157,1236,284,car, 
9,685,88,851,187,car, 
10,689,191,875,309,car, 
11,1063,75,1229,168,car, 
12,429,166,633,275,car, 
13,120,245,355,375,car, 
14,902,132,1051,231,car, 
15,886,38,1034,123,car, 
16,1341,98,1381,167,car, 
17,1240,20,1380,107,car, 
18,272,695,567,794,car, 
19,0,531,213,694,motorcycle, 
20,0,718,90,796,car, 
21,0,526,225,688,car, 
22,0,355,16,429,car, 
0,768,499,1002,656,car, 
1,399,478,688,667,car, 
2,1078,381,1307,523,car, 
3,883,335,1082,459,car, 
4,119,365,364,498,car, 
5,635,302,836,428,car, 
6,417,272,625,402,car, 
7,1242,199,1381,317,car, 
8,1049,156,1240,282,car, 
9,684,88,851,186,car, 
10,689,191,874,304,car, 
11,1063,75,1228,168,car, 
12,429,165,633,275,car, 
13,119,245,354,374,car, 
14,901,132,1051,231,car, 
15,886,38,1034,123,car, 
16,1342,99,1381,166,car, 
17,1239,20,1380,107,car, 
18,272,693,572,795,car, 
19,0,523,238,682,motorcycle, 
20,0,712,104,795,car, 
21,0,526,225,688,car, 
22,0,353,18,427,car, 
0,773,497,1007,653,car, 
1,408,473,697,663,car, 
2,1083,379,1310,521,car, 
3,890,332,1089,455,car, 
4,121,364,365,495,car, 
5,645,298,844,423,car, 
6,417,271,625,401,car, 
7,1246,198,1381,315,car, 
8,1052,154,1245,280,car, 
9,685,87,851,185,car, 
10,689,190,875,300,car, 
11,1062,74,1228,169,car, 
12,429,164,633,275,car, 
13,118,244,354,374,car, 
14,900,132,1050,229,car, 
15,885,37,1033,122,car, 
16,1343,98,1381,162,car, 
17,1240,18,1380,106,car, 
18,273,689,577,796,car, 
19,238,6,422,75,motorcycle, 
20,0,705,119,796,car, 
21,0,515,250,677,car, 
22,0,352,19,427,car, 
0,779,493,1012,649,car, 
1,417,470,704,657,car, 
2,1086,376,1312,516,car, 
3,897,329,1096,453,car, 
4,122,363,366,494,car, 
5,652,295,853,420,car, 
6,416,271,624,401,car, 
7,1248,197,1381,313,car, 
8,1059,152,1248,278,car, 
9,685,87,851,184,car, 
10,690,190,873,297,car, 
11,1061,73,1227,169,car, 
12,429,164,633,275,car, 
13,117,244,352,373,car, 
14,900,131,1049,228,car, 
15,885,36,1033,122,car, 
16,1343,96,1381,161,car, 
17,1240,18,1380,105,car, 
18,278,685,585,798,car, 
19,1055,541,1140,619,motorcycle, 
20,0,698,132,796,car, 
21,0,512,260,672,car, 
22,0,351,21,426,car, 
23,170,11,362,97,car, 
0,785,490,1018,647,car, 
1,428,466,714,653,car, 
2,1091,374,1316,513,car, 
3,902,326,1103,448,car, 
4,123,361,366,493,car, 
5,661,290,861,416,car, 
6,417,269,624,400,car, 
7,1252,196,1381,310,car, 
8,1061,150,1252,275,car, 
9,685,86,851,183,car, 
10,690,190,874,296,car, 
11,1061,73,1227,168,car, 
12,429,163,633,274,car, 
13,117,244,352,372,car, 
14,900,130,1049,228,car, 
15,884,36,1033,121,car, 
16,1345,96,1381,159,car, 
17,1239,17,1380,105,car, 
18,286,681,593,798,car, 
19,1055,541,1140,619,motorcycle, 
20,0,693,145,799,car, 
21,0,508,273,665,car, 
22,0,349,22,425,car, 
23,99,12,295,113,car, 
0,791,488,1023,643,car, 
1,436,462,722,648,car, 
2,1094,372,1319,511,car, 
3,910,323,1109,444,car, 
4,123,361,367,492,car, 
5,669,288,867,411,car, 
6,417,269,624,400,car, 
7,1255,194,1381,308,car, 
8,1066,147,1256,273,car, 
9,684,86,851,183,car, 
10,689,190,873,298,car, 
11,1061,73,1227,167,car, 
12,430,162,634,273,car, 
13,117,244,352,371,car, 
14,901,130,1048,228,car, 
15,884,35,1033,121,car, 
16,1345,95,1381,158,car, 
17,1239,17,1380,104,car, 
18,292,678,600,798,car, 
19,8,501,285,660,motorcycle, 
20,0,688,160,800,car, 
21,0,508,273,665,car, 
22,0,348,23,425,car, 
23,99,12,295,113,car, 
0,796,484,1030,641,car, 
1,448,458,729,644,car, 
2,1097,370,1323,509,car, 
3,917,320,1116,440,car, 
4,125,360,368,491,car, 
5,678,284,876,408,car, 
6,417,269,624,400,car, 
7,1258,193,1381,307,car, 
8,1066,147,1256,273,car, 
9,684,85,851,182,car, 
10,689,189,874,297,car, 
11,1061,73,1227,166,car, 
12,431,162,635,273,car, 
13,117,244,352,371,car, 
14,901,129,1048,228,car, 
15,884,35,1033,120,car, 
16,1346,94,1381,156,car, 
17,1239,17,1380,103,car, 
18,301,675,608,798,car, 
19,8,501,285,660,motorcycle, 
20,0,680,174,799,car, 
21,23,498,297,656,car, 
22,0,348,24,424,car, 
23,1070,145,1258,270,car, 
0,803,481,1034,637,car, 
1,456,454,738,639,car, 
2,1100,368,1325,508,car, 
3,923,317,1121,438,car, 
4,126,359,368,490,car, 
5,686,282,883,404,car, 
6,417,269,624,399,car, 
7,1260,192,1381,306,car, 
8,1074,141,1264,268,car, 
9,684,85,851,183,car, 
10,689,189,873,298,car, 
11,1061,72,1226,166,car, 
12,431,161,636,273,car, 
13,117,244,351,372,car, 
14,901,129,1048,228,car, 
15,884,34,1033,120,car, 
16,0,346,25,424,car, 
17,1239,16,1380,103,car, 
18,305,672,612,799,car, 
19,36,495,310,649,motorcycle, 
20,0,675,188,799,car, 
21,23,498,297,656,car, 
22,0,472,23,543,car, 
23,1070,145,1258,270,car, 
0,808,479,1039,635,car, 
1,467,451,747,635,car, 
2,1104,367,1329,507,car, 
3,930,315,1127,437,car, 
4,126,359,369,490,car, 
5,693,278,891,403,car, 
6,417,269,624,399,car, 
7,1263,191,1381,304,car, 
8,1074,141,1264,268,car, 
9,684,85,851,182,car, 
10,689,188,873,298,car, 
11,1060,72,1227,166,car, 
12,432,161,637,272,car, 
13,117,244,351,371,car, 
14,901,129,1047,227,car, 
15,884,34,1033,120,car, 
16,0,343,27,425,car, 
17,1239,15,1380,103,car, 
18,313,668,620,799,car, 
19,36,495,310,649,motorcycle, 
20,0,670,201,799,car, 
21,50,491,321,645,car, 
22,0,462,30,554,car, 
23,1076,140,1266,266,car, 
0,814,476,1043,630,car, 
1,476,448,756,630,car, 
2,1107,366,1332,507,car, 
3,934,313,1133,435,car, 
4,127,359,370,490,car, 
5,700,276,898,399,car, 
6,417,269,623,399,car, 
7,1265,190,1381,302,car, 
8,1080,140,1268,266,car, 
9,684,85,851,182,car, 
10,688,189,873,299,car, 
11,1060,72,1227,166,car, 
12,434,160,638,271,car, 
13,117,244,351,372,car, 
14,900,129,1047,227,car, 
15,884,34,1033,120,car, 
16,0,344,27,425,car, 
17,1239,14,1380,103,car, 
18,335,666,626,798,car, 
19,63,487,332,640,motorcycle, 
20,0,664,215,799,car, 
21,50,491,321,645,car, 
22,0,458,34,555,car, 
23,1076,140,1266,266,car, 
0,820,474,1048,629,car, 
1,485,444,763,627,car, 
2,1109,364,1334,504,car, 
3,940,311,1138,432,car, 
4,127,359,370,490,car, 
5,710,273,904,396,car, 
6,417,269,623,399,car, 
7,1268,189,1381,301,car, 
8,1080,140,1268,266,car, 
9,684,85,851,182,car, 
10,688,189,873,300,car, 
11,1060,71,1226,166,car, 
12,435,160,639,271,car, 
13,117,244,351,372,car, 
14,901,129,1047,227,car, 
15,884,34,1033,120,car, 
16,0,343,29,426,car, 
17,1239,14,1381,103,car, 
18,332,663,634,798,car, 
19,63,487,332,640,motorcycle, 
20,0,660,228,799,car, 
21,76,483,344,634,car, 
22,0,458,34,555,car, 
23,1085,140,1272,265,car, 
0,825,472,1054,626,car, 
1,495,440,772,623,car, 
2,1112,363,1338,501,car, 
3,946,309,1143,428,car, 
4,127,359,370,490,car, 
5,718,271,911,393,car, 
6,417,269,624,399,car, 
7,1269,188,1381,300,car, 
8,1087,138,1278,264,car, 
9,683,85,851,182,car, 
10,688,189,873,300,car, 
11,1060,71,1226,165,car, 
12,435,160,640,270,car, 
13,117,244,352,372,car, 
14,900,129,1047,227,car, 
15,884,33,1033,120,car, 
16,0,343,29,426,car, 
17,1239,14,1381,103,car, 
18,345,661,641,797,car, 
19,91,477,356,629,motorcycle, 
20,0,655,244,798,car, 
21,76,483,344,634,car, 
22,0,343,29,426,car, 
23,1085,140,1272,265,car, 
0,829,471,1059,624,car, 
1,504,438,781,618,car, 
2,1114,362,1339,500,car, 
3,953,307,1148,427,car, 
4,127,359,370,490,car, 
5,724,268,919,391,car, 
6,417,269,624,400,car, 
7,1270,187,1381,300,car, 
8,1087,138,1278,264,car, 
9,684,85,850,182,car, 
10,688,189,873,300,car, 
11,1060,71,1226,165,car, 
12,436,160,640,270,car, 
13,118,244,352,372,car, 
14,901,129,1048,227,car, 
15,884,33,1032,120,car, 
16,0,342,30,427,car, 
17,1238,14,1381,103,car, 
18,346,656,646,797,car, 
19,91,477,356,629,motorcycle, 
20,1,650,256,795,car, 
21,103,474,368,624,car, 
22,67,8,234,56,car, 
23,1090,137,1281,262,car, 
0,834,469,1063,621,car, 
1,514,435,790,614,car, 
2,1116,362,1342,498,car, 
3,958,304,1154,424,car, 
4,128,359,370,490,car, 
5,731,266,924,387,car, 
6,417,269,624,400,car, 
7,1272,186,1381,299,car, 
8,1092,136,1282,261,car, 
9,684,85,850,182,car, 
10,688,189,873,301,car, 
11,1060,71,1226,165,car, 
12,436,161,640,270,car, 
13,118,244,352,372,car, 
14,900,129,1048,227,car, 
15,884,33,1032,120,car, 
16,0,342,30,427,car, 
17,1239,14,1381,103,car, 
18,357,653,655,797,car, 
19,116,471,379,621,motorcycle, 
20,0,644,267,796,car, 
21,103,474,368,624,car, 
22,8,8,179,70,car, 
23,1090,137,1281,262,car, 
0,838,468,1068,619,car, 
1,522,432,796,612,car, 
2,1118,360,1343,498,car, 
3,963,302,1158,422,car, 
4,128,360,370,492,car, 
5,737,265,932,385,car, 
6,417,269,624,400,car, 
7,1275,184,1381,299,car, 
8,0,447,50,560,car, 
9,683,85,850,183,car, 
10,688,189,873,303,car, 
11,1060,71,1226,166,car, 
12,437,161,641,270,car, 
13,118,244,352,372,car, 
14,900,129,1047,227,car, 
15,884,33,1033,120,car, 
16,0,343,30,429,car, 
17,1239,15,1381,103,car, 
18,365,650,663,797,car, 
19,116,471,379,621,motorcycle, 
20,0,639,282,797,car, 
21,128,465,390,615,car, 
22,0,11,124,75,car, 
23,1095,135,1284,260,car, 
0,843,466,1071,617,car, 
1,533,430,804,609,car, 
2,1119,359,1345,497,car, 
3,968,301,1163,421,car, 
4,128,360,370,493,car, 
5,746,263,937,383,car, 
6,417,270,624,401,car, 
7,1278,183,1381,298,car, 
8,1099,135,1286,259,car, 
9,684,85,850,183,car, 
10,688,189,873,304,car, 
11,1060,71,1227,166,car, 
12,437,161,641,270,car, 
13,117,244,352,374,car, 
14,900,129,1047,228,car, 
15,884,33,1033,120,car, 
16,0,343,30,430,car, 
17,1239,14,1381,103,car, 
18,373,648,672,797,car, 
19,141,464,400,611,motorcycle, 
20,0,636,295,796,car, 
21,128,465,390,615,car, 
22,0,10,65,76,car, 
23,0,447,53,561,car, 
0,848,464,1075,615,car, 
1,541,426,813,604,car, 
2,1122,358,1347,497,car, 
3,974,300,1168,420,car, 
4,129,360,370,493,car, 
5,751,261,944,380,car, 
6,417,270,624,401,car, 
7,1280,183,1381,298,car, 
8,1101,133,1288,258,car, 
9,683,85,850,183,car, 
10,688,189,874,305,car, 
11,1060,71,1227,166,car, 
12,437,161,641,270,car, 
13,117,245,352,375,car, 
14,900,129,1048,228,car, 
15,884,34,1033,120,car, 
16,0,344,30,430,car, 
17,1239,14,1381,103,car, 
18,380,646,677,796,car, 
19,141,464,400,611,motorcycle, 
20,1,631,305,796,car, 
21,154,460,413,607,car, 
22,0,10,65,76,car, 
23,0,446,54,560,car, 
0,852,464,1078,614,car, 
1,551,423,820,601,car, 
2,1125,359,1348,496,car, 
3,978,299,1173,418,car, 
4,129,361,370,493,car, 
5,756,259,950,378,car, 
6,417,270,624,401,car, 
7,1281,183,1381,297,car, 
8,1103,132,1290,258,car, 
9,684,85,850,183,car, 
10,688,190,875,305,car, 
11,1060,72,1227,166,car, 
12,437,161,641,270,car, 
13,117,245,353,375,car, 
14,901,129,1047,228,car, 
15,884,34,1033,120,car, 
16,0,344,30,430,car, 
17,1239,15,1381,103,car, 
18,390,643,684,796,car, 
19,167,456,423,603,motorcycle, 
20,0,627,319,798,car, 
21,154,460,413,607,car, 
22,0,344,31,430,car, 
23,0,446,56,561,car, 
0,856,462,1082,612,car, 
1,559,421,827,598,car, 
2,1126,358,1349,495,car, 
3,982,297,1176,415,car, 
4,129,361,370,494,car, 
5,764,256,954,376,car, 
6,418,271,625,401,car, 
7,1283,182,1381,297,car, 
8,1104,132,1292,257,car, 
9,684,85,850,183,car, 
10,688,190,875,305,car, 
11,1060,72,1227,166,car, 
12,437,161,641,271,car, 
13,118,245,353,375,car, 
14,901,130,1048,228,car, 
15,884,34,1034,120,car, 
16,0,344,31,430,car, 
17,1238,15,1381,103,car, 
18,398,640,693,795,car, 
19,167,456,423,603,motorcycle, 
20,7,622,331,798,car, 
21,175,453,434,597,car, 
22,0,344,31,430,car, 
23,0,446,57,561,car, 
0,859,462,1086,611,car, 
1,568,417,836,595,car, 
2,1128,358,1351,495,car, 
3,987,296,1180,412,car, 
4,129,361,370,495,car, 
5,767,255,960,374,car, 
6,418,271,625,401,car, 
7,1285,182,1381,296,car, 
8,1107,131,1294,256,car, 
9,684,86,850,183,car, 
10,689,190,874,306,car, 
11,1060,73,1227,166,car, 
12,438,162,641,271,car, 
13,118,246,353,376,car, 
14,901,130,1048,227,car, 
15,884,34,1034,120,car, 
16,0,344,31,430,car, 
17,1239,15,1381,103,car, 
18,407,637,699,795,car, 
19,190,449,446,593,motorcycle, 
20,24,618,344,798,car, 
21,175,453,434,597,car, 
22,0,345,31,430,car, 
23,0,445,59,561,car, 
0,862,460,1090,610,car, 
1,576,416,844,591,car, 
2,1130,357,1353,494,car, 
3,991,295,1184,412,car, 
4,129,362,370,495,car, 
5,774,254,966,372,car, 
6,418,272,625,402,car, 
7,1287,181,1381,295,car, 
8,1110,131,1295,256,car, 
9,684,86,850,184,car, 
10,689,190,874,306,car, 
11,1060,73,1227,166,car, 
12,437,162,641,272,car, 
13,118,246,353,377,car, 
14,900,130,1048,228,car, 
15,885,34,1034,120,car, 
16,0,345,31,431,car, 
17,1239,15,1381,103,car, 
18,414,635,706,795,car, 
19,190,449,446,593,motorcycle, 
20,39,613,356,798,car, 
21,202,446,456,590,car, 
22,0,345,31,430,car, 
23,0,445,59,561,car, 
0,865,460,1092,610,car, 
1,585,414,851,588,car, 
2,1131,357,1356,494,car, 
3,994,293,1188,411,car, 
4,129,362,370,495,car, 
5,782,251,971,370,car, 
6,418,272,624,402,car, 
7,1289,181,1381,296,car, 
8,1111,131,1297,255,car, 
9,683,86,850,185,car, 
10,688,190,874,307,car, 
11,1060,73,1227,167,car, 
12,437,162,641,272,car, 
13,118,246,353,377,car, 
14,900,130,1049,228,car, 
15,886,34,1034,120,car, 
16,0,345,31,431,car, 
17,1238,16,1381,103,car, 
18,423,633,713,795,car, 
19,212,444,466,588,motorcycle, 
20,53,609,366,796,car, 
21,202,446,456,590,car, 
22,0,346,31,430,car, 
23,0,445,61,562,car, 
0,870,457,1095,609,car, 
1,592,410,859,584,car, 
2,1132,358,1356,493,car, 
3,998,292,1192,410,car, 
4,128,362,370,496,car, 
5,786,249,974,369,car, 
6,417,272,624,403,car, 
7,1292,181,1381,293,car, 
8,1111,130,1298,255,car, 
9,683,86,850,185,car, 
10,688,190,875,307,car, 
11,1060,73,1226,168,car, 
12,437,163,641,272,car, 
13,118,246,353,378,car, 
14,900,131,1049,227,car, 
15,886,34,1036,121,car, 
16,0,345,30,431,car, 
17,1239,16,1381,103,car, 
18,431,630,721,794,car, 
19,212,444,466,588,motorcycle, 
20,67,604,378,794,car, 
21,226,441,478,584,car, 
22,0,346,31,430,car, 
23,0,446,61,563,car, 
0,872,457,1099,609,car, 
1,602,407,866,582,car, 
2,1134,357,1358,493,car, 
3,1002,292,1195,408,car, 
4,129,363,375,496,car, 
5,789,248,979,369,car, 
6,418,273,624,403,car, 
7,1295,182,1381,293,car, 
8,1113,131,1300,255,car, 
9,683,86,850,185,car, 
10,688,191,874,308,car, 
11,1060,74,1226,168,car, 
12,437,163,641,273,car, 
13,118,247,353,378,car, 
14,900,131,1049,228,car, 
15,888,34,1037,120,car, 
16,0,345,30,431,car, 
17,1238,17,1381,103,car, 
18,440,628,730,796,car, 
19,236,439,488,578,motorcycle, 
20,79,600,391,790,car, 
21,226,441,478,584,car, 
22,0,346,30,431,car, 
23,0,446,63,564,car, 
0,875,456,1101,607,car, 
1,608,404,871,578,car, 
2,1135,356,1360,491,car, 
3,1004,290,1197,408,car, 
4,129,364,374,497,car, 
5,794,247,984,368,car, 
6,418,274,624,404,car, 
7,1297,182,1381,293,car, 
8,1112,130,1300,255,car, 
9,683,87,850,186,car, 
10,688,191,874,308,car, 
11,1060,74,1226,169,car, 
12,437,163,641,273,car, 
13,118,248,353,378,car, 
14,900,131,1050,227,car, 
15,888,34,1038,120,car, 
16,0,347,30,433,car, 
17,1238,17,1381,103,car, 
18,449,624,737,798,car, 
19,236,439,488,578,motorcycle, 
20,93,596,401,788,car, 
21,246,435,497,576,car, 
22,0,346,30,431,car, 
23,0,447,62,564,car, 
0,877,455,1103,607,car, 
1,618,403,878,576,car, 
2,1138,355,1362,493,car, 
3,1007,290,1199,407,car, 
4,129,364,374,497,car, 
5,797,246,988,366,car, 
6,418,274,624,404,car, 
7,1299,183,1381,291,car, 
8,1116,130,1301,254,car, 
9,683,87,849,186,car, 
10,687,191,874,308,car, 
11,1060,74,1226,169,car, 
12,436,163,642,274,car, 
13,118,248,354,379,car, 
14,902,130,1050,228,car, 
15,890,34,1039,120,car, 
16,0,347,30,433,car, 
17,1238,17,1381,103,car, 
18,457,622,743,797,car, 
19,259,431,508,571,motorcycle, 
20,106,592,412,783,car, 
21,246,435,497,576,car, 
22,0,608,17,690,car, 
23,0,447,62,565,car, 
0,879,455,1104,606,car, 
1,623,400,887,574,car, 
2,1139,355,1363,492,car, 
3,1009,289,1202,406,car, 
4,128,364,374,497,car, 
5,801,244,992,364,car, 
6,418,274,624,405,car, 
7,1302,182,1381,291,car, 
8,1116,130,1302,254,car, 
9,683,87,849,187,car, 
10,687,191,873,309,car, 
11,1060,74,1226,169,car, 
12,437,163,641,274,car, 
13,118,248,354,379,car, 
14,902,130,1050,228,car, 
15,891,33,1040,120,car, 
16,0,347,30,434,car, 
17,1238,17,1381,103,car, 
18,464,619,750,797,car, 
19,259,431,508,571,motorcycle, 
20,118,589,423,776,car, 
21,271,427,518,569,car, 
22,0,593,32,692,car, 
23,0,448,61,565,car, 
0,881,455,1106,605,car, 
1,631,398,893,571,car, 
2,1141,353,1365,492,car, 
3,1013,289,1205,405,car, 
4,128,364,375,498,car, 
5,804,244,997,362,car, 
6,417,274,624,406,car, 
7,1304,182,1381,290,car, 
8,1117,130,1303,254,car, 
9,683,87,849,187,car, 
10,687,191,873,309,car, 
11,1060,74,1226,169,car, 
12,437,164,641,275,car, 
13,118,249,354,379,car, 
14,902,130,1051,228,car, 
15,892,33,1042,119,car, 
16,0,348,30,435,car, 
17,1238,17,1381,104,car, 
18,473,616,757,795,car, 
19,281,424,528,563,motorcycle, 
20,133,584,435,772,car, 
21,271,427,518,569,car, 
22,0,586,47,698,car, 
23,0,448,61,566,car, 
0,884,455,1107,604,car, 
1,638,396,898,568,car, 
2,1144,352,1367,492,car, 
3,1015,288,1206,404,car, 
4,128,365,375,498,car, 
5,808,242,1000,361,car, 
6,417,274,624,406,car, 
7,1305,182,1381,290,car, 
8,1118,129,1304,254,car, 
9,683,88,849,187,car, 
10,687,192,873,309,car, 
11,1060,74,1226,169,car, 
12,436,164,641,275,car, 
13,120,248,354,380,car, 
14,902,130,1051,228,car, 
15,894,32,1044,119,car, 
16,0,349,29,435,car, 
17,1238,17,1381,104,car, 
18,482,614,764,796,car, 
19,281,424,528,563,motorcycle, 
20,143,580,445,768,car, 
21,293,422,537,560,car, 
22,0,582,61,696,car, 
23,0,449,62,567,car, 
0,885,454,1108,603,car, 
1,644,394,904,566,car, 
2,1145,352,1368,491,car, 
3,1017,287,1208,404,car, 
4,128,365,373,499,car, 
5,817,241,1003,359,car, 
6,417,275,624,406,car, 
7,1308,182,1381,288,car, 
8,1118,130,1304,253,car, 
9,683,88,849,187,car, 
10,687,193,872,309,car, 
11,1060,74,1226,169,car, 
12,436,164,640,275,car, 
13,120,249,354,380,car, 
14,902,130,1051,228,car, 
15,896,31,1047,119,car, 
16,0,349,29,435,car, 
17,1237,18,1381,105,car, 
18,488,611,770,795,car, 
19,304,420,548,557,motorcycle, 
20,156,577,455,763,car, 
21,293,422,537,560,car, 
22,0,577,73,693,car, 
23,0,449,60,567,car, 
0,887,453,1110,603,car, 
1,651,392,910,564,car, 
2,1151,351,1370,489,car, 
3,1018,286,1210,404,car, 
4,127,366,372,499,car, 
5,819,240,1006,359,car, 
6,416,275,624,407,car, 
7,1309,183,1381,284,car, 
8,1118,130,1304,253,car, 
9,683,88,849,187,car, 
10,686,193,872,310,car, 
11,1060,74,1226,169,car, 
12,435,165,640,275,car, 
13,120,249,354,380,car, 
14,901,131,1051,227,car, 
15,899,31,1047,119,car, 
16,0,350,29,436,car, 
17,1237,19,1381,105,car, 
18,495,608,776,796,car, 
19,304,420,548,557,motorcycle, 
20,167,573,465,757,car, 
21,314,416,558,553,car, 
22,0,572,87,689,car, 
23,0,450,61,568,car, 
0,889,452,1112,602,car, 
1,655,390,916,561,car, 
2,1152,351,1373,489,car, 
3,1020,286,1212,403,car, 
4,127,367,371,499,car, 
5,821,239,1009,358,car, 
6,416,276,623,407,car, 
7,1312,183,1381,282,car, 
8,1118,130,1304,254,car, 
9,683,88,849,187,car, 
10,686,193,871,310,car, 
11,1060,74,1225,169,car, 
12,435,165,639,276,car, 
13,120,249,354,380,car, 
14,900,131,1051,227,car, 
15,901,31,1049,117,car, 
16,0,351,28,435,car, 
17,1236,18,1381,105,car, 
18,501,606,782,795,car, 
19,324,413,566,550,motorcycle, 
20,178,570,475,754,car, 
21,314,416,558,553,car, 
22,0,568,100,689,car, 
23,0,450,60,568,car, 
0,890,451,1115,601,car, 
1,662,388,921,559,car, 
2,1155,350,1375,488,car, 
3,1022,284,1214,403,car, 
4,127,367,370,499,car, 
5,824,239,1012,356,car, 
6,416,276,622,408,car, 
7,1314,182,1381,282,car, 
8,1118,130,1304,254,car, 
9,684,88,849,187,car, 
10,687,192,870,310,car, 
11,1059,74,1224,169,car, 
12,435,165,639,276,car, 
13,120,250,354,380,car, 
14,901,131,1051,228,car, 
15,903,29,1051,116,car, 
16,0,352,28,436,car, 
17,1236,17,1380,105,car, 
18,508,603,789,795,car, 
19,324,413,566,550,motorcycle, 
20,189,566,485,750,car, 
21,335,410,575,545,car, 
22,0,565,112,690,car, 
23,0,450,60,570,car, 
0,892,451,1116,601,car, 
1,669,387,927,556,car, 
2,1156,349,1376,484,car, 
3,1022,285,1215,403,car, 
4,126,367,370,500,car, 
5,828,238,1016,355,car, 
6,416,277,622,407,car, 
7,1316,182,1381,281,car, 
8,1117,130,1303,254,car, 
9,685,88,850,187,car, 
10,686,193,871,310,car, 
11,1058,74,1224,169,car, 
12,434,165,639,276,car, 
13,120,250,354,380,car, 
14,901,131,1051,228,car, 
15,906,28,1054,115,car, 
16,0,352,27,436,car, 
17,1236,17,1381,105,car, 
18,514,601,794,793,car, 
19,346,407,585,542,motorcycle, 
20,201,563,494,743,car, 
21,335,410,575,545,car, 
22,0,560,125,691,car, 
23,0,451,61,571,car, 
0,895,450,1118,601,car, 
1,673,385,931,553,car, 
2,1157,347,1378,483,car, 
3,1024,285,1216,403,car, 
4,126,367,370,500,car, 
5,831,236,1018,353,car, 
6,416,277,622,406,car, 
7,1319,182,1381,280,car, 
8,1116,129,1303,254,car, 
9,685,88,851,187,car, 
10,686,193,870,310,car, 
11,1058,74,1224,169,car, 
12,432,165,639,276,car, 
13,120,250,355,380,car, 
14,900,131,1050,229,car, 
15,909,27,1057,114,car, 
16,0,353,28,436,car, 
17,1235,17,1381,105,car, 
18,520,598,798,791,car, 
19,346,407,585,542,motorcycle, 
20,211,559,503,740,car, 
21,354,404,592,538,car, 
22,0,556,138,692,car, 
23,0,452,60,571,car, 
0,896,448,1120,600,car, 
1,677,383,934,551,car, 
2,1158,347,1379,481,car, 
3,1026,284,1217,403,car, 
4,125,367,369,501,car, 
5,835,235,1021,352,car, 
6,415,277,622,406,car, 
7,1321,182,1381,281,car, 
8,1116,130,1301,254,car, 
9,686,88,851,186,car, 
10,686,193,870,310,car, 
11,1058,74,1223,169,car, 
12,432,166,639,276,car, 
13,120,250,355,380,car, 
14,900,132,1048,228,car, 
15,911,27,1059,112,car, 
16,0,353,27,436,car, 
17,1236,17,1380,105,car, 
18,525,597,803,789,car, 
19,366,400,602,535,motorcycle, 
20,221,556,511,737,car, 
21,354,404,592,538,car, 
22,0,552,148,692,car, 
23,0,452,60,562,car, 
0,898,448,1122,597,car, 
1,682,381,937,548,car, 
2,1161,346,1380,482,car, 
3,1027,283,1220,402,car, 
4,125,368,369,501,car, 
5,837,234,1023,352,car, 
6,415,276,621,406,car, 
7,1322,182,1381,280,car, 
8,1115,130,1301,255,car, 
9,686,88,851,186,car, 
10,686,193,870,310,car, 
11,1057,75,1222,169,car, 
12,432,166,638,277,car, 
13,120,250,355,380,car, 
14,899,131,1048,230,car, 
15,914,26,1063,111,car, 
16,0,354,27,436,car, 
17,1235,18,1380,105,car, 
18,529,596,808,787,car, 
19,366,400,602,535,motorcycle, 
20,231,552,519,733,car, 
21,374,397,611,531,car, 
22,0,549,161,691,car, 
23,0,452,59,553,car, 
0,901,446,1124,596,car, 
1,688,379,942,547,car, 
2,1164,344,1380,479,car, 
3,1028,283,1220,401,car, 
4,124,369,369,501,car, 
5,839,233,1026,352,car, 
6,415,276,621,406,car, 
7,1322,183,1381,278,car, 
8,1114,130,1301,254,car, 
9,687,88,852,185,car, 
10,686,193,870,310,car, 
11,1056,75,1222,169,car, 
12,432,166,637,277,car, 
13,119,250,355,381,car, 
14,899,132,1047,230,car, 
15,917,25,1065,111,car, 
16,0,355,27,435,car, 
17,1234,17,1380,105,car, 
18,534,594,811,786,car, 
19,383,393,619,525,motorcycle, 
20,241,550,528,728,car, 
21,374,397,611,531,car, 
22,0,544,173,692,car, 
23,0,453,59,569,car, 
0,903,446,1126,594,car, 
1,690,379,945,545,car, 
2,1165,342,1380,479,car, 
3,1029,283,1221,401,car, 
4,124,369,368,502,car, 
5,841,232,1028,351,car, 
6,414,277,621,407,car, 
7,1324,182,1381,276,car, 
8,1113,130,1300,255,car, 
9,688,87,853,185,car, 
10,687,193,870,310,car, 
11,1056,75,1222,169,car, 
12,431,166,637,277,car, 
13,120,251,355,381,car, 
14,898,132,1046,231,car, 
15,920,25,1067,111,car, 
16,0,355,26,435,car, 
17,1234,17,1380,105,car, 
18,538,592,815,784,car, 
19,136,11,346,105,motorcycle, 
20,248,546,535,724,car, 
21,393,390,627,523,car, 
22,0,541,184,691,car, 
23,0,453,58,566,car, 
0,905,445,1128,594,car, 
1,694,377,949,544,car, 
2,1168,341,1381,478,car, 
3,1030,282,1222,400,car, 
4,124,369,368,502,car, 
5,842,231,1030,350,car, 
6,414,277,620,408,car, 
7,1325,182,1381,276,car, 
8,1113,130,1299,255,car, 
9,689,87,854,185,car, 
10,687,193,870,310,car, 
11,1056,75,1221,169,car, 
12,431,167,637,278,car, 
13,120,251,355,381,car, 
14,898,132,1045,231,car, 
15,923,23,1071,110,car, 
16,0,357,26,435,car, 
17,1234,17,1380,105,car, 
18,541,590,817,783,car, 
19,136,11,346,105,motorcycle, 
20,259,543,542,720,car, 
21,402,387,635,521,car, 
22,0,537,195,692,car, 
23,0,453,58,564,car, 
0,909,444,1131,592,car, 
1,698,375,952,542,car, 
2,1173,340,1381,476,car, 
3,1032,282,1223,400,car, 
4,124,369,367,502,car, 
5,843,231,1031,349,car, 
6,414,278,619,408,car, 
7,1326,181,1381,272,car, 
8,1113,130,1299,255,car, 
9,690,86,855,185,car, 
10,686,194,870,309,car, 
11,1055,75,1220,169,car, 
12,431,167,636,277,car, 
13,121,251,354,382,car, 
14,897,132,1045,231,car, 
15,926,23,1073,109,car, 
16,0,358,26,436,car, 
17,1234,18,1380,105,car, 
18,544,589,820,780,car, 
19,411,386,640,518,motorcycle, 
20,268,540,550,717,car, 
21,402,387,635,521,car, 
22,0,534,208,700,car, 
23,0,454,56,564,car, 
0,912,442,1134,590,car, 
1,703,374,956,542,car, 
2,1176,339,1381,475,car, 
3,1033,282,1224,399,car, 
4,124,369,367,503,car, 
5,847,232,1032,347,car, 
6,414,278,619,408,car, 
7,1327,182,1381,272,car, 
8,1113,130,1299,255,car, 
9,692,86,858,184,car, 
10,686,194,871,310,car, 
11,1055,75,1220,169,car, 
12,431,166,636,277,car, 
13,120,252,354,382,car, 
14,896,132,1044,230,car, 
15,929,22,1075,108,car, 
16,0,358,25,436,car, 
17,1234,18,1380,105,car, 
18,547,587,822,778,car, 
19,411,386,640,518,motorcycle, 
20,276,537,556,714,car, 
21,417,381,650,515,car, 
22,0,530,217,701,car, 
23,0,454,56,567,car, 
0,915,441,1137,587,car, 
1,705,372,959,540,car, 
2,1177,338,1381,473,car, 
3,1034,282,1225,397,car, 
4,124,369,367,503,car, 
5,850,231,1033,347,car, 
6,414,279,619,409,car, 
7,1328,182,1381,271,car, 
8,1113,130,1298,255,car, 
9,694,85,860,184,car, 
10,686,194,871,310,car, 
11,1054,75,1220,169,car, 
12,431,167,636,278,car, 
13,120,252,353,382,car, 
14,897,133,1044,230,car, 
15,932,21,1079,107,car, 
16,0,358,25,436,car, 
17,1234,18,1380,105,car, 
18,551,586,825,777,car, 
19,424,379,656,511,motorcycle, 
20,283,534,564,710,car, 
21,417,381,650,515,car, 
22,0,525,229,699,car, 
23,0,454,58,568,car, 
0,918,440,1139,586,car, 
1,707,371,961,539,car, 
2,1183,335,1381,470,car, 
3,1035,281,1227,397,car, 
4,123,370,367,504,car, 
5,851,230,1035,347,car, 
6,414,279,619,409,car, 
7,1330,182,1381,270,car, 
8,1112,130,1298,255,car, 
9,695,85,862,183,car, 
10,687,194,871,309,car, 
11,1054,75,1219,169,car, 
12,432,167,637,278,car, 
13,120,252,353,382,car, 
14,897,132,1044,230,car, 
15,935,21,1082,106,car, 
16,0,358,24,436,car, 
17,1234,18,1380,105,car, 
18,554,584,826,776,car, 
19,424,379,656,511,motorcycle, 
20,291,533,571,706,car, 
21,433,377,663,508,car, 
22,0,521,240,695,car, 
23,0,454,56,571,car, 
0,921,438,1141,584,car, 
1,710,370,963,537,car, 
2,1187,334,1381,467,car, 
3,1037,280,1228,395,car, 
4,123,370,367,504,car, 
5,853,230,1036,346,car, 
6,413,279,619,409,car, 
7,1330,181,1381,270,car, 
8,1111,130,1297,255,car, 
9,697,85,863,182,car, 
10,687,194,872,309,car, 
11,1054,75,1219,169,car, 
12,432,167,637,278,car, 
13,120,253,353,382,car, 
14,896,133,1043,229,car, 
15,938,20,1082,103,car, 
16,0,359,24,436,car, 
17,1234,18,1380,105,car, 
18,556,584,829,775,car, 
19,439,375,668,505,motorcycle, 
20,298,531,576,704,car, 
21,433,377,663,508,car, 
22,0,516,250,692,car, 
23,0,454,56,573,car, 
0,924,437,1144,582,car, 
1,712,370,965,535,car, 
2,1192,334,1381,466,car, 
3,1039,280,1230,395,car, 
4,123,370,367,504,car, 
5,854,230,1038,346,car, 
6,413,279,620,410,car, 
7,1331,181,1381,268,car, 
8,1111,130,1297,256,car, 
9,700,84,865,182,car, 
10,688,195,872,309,car, 
11,1053,75,1218,169,car, 
12,432,167,637,277,car, 
13,120,253,353,383,car, 
14,896,133,1042,230,car, 
15,941,19,1087,102,car, 
16,0,359,24,437,car, 
17,1234,17,1380,104,car, 
18,558,583,831,775,car, 
19,439,375,668,505,motorcycle, 
20,304,529,582,702,car, 
21,447,374,675,504,car, 
22,0,512,260,687,car, 
23,0,455,57,576,car, 
0,927,436,1147,581,car, 
1,714,369,966,534,car, 
2,1195,333,1381,464,car, 
3,1039,279,1231,394,car, 
4,123,370,366,504,car, 
5,855,228,1039,343,car, 
6,413,279,619,410,car, 
7,1332,181,1381,267,car, 
8,1111,130,1296,255,car, 
9,702,84,867,181,car, 
10,688,194,873,309,car, 
11,1053,74,1218,169,car, 
12,433,167,638,277,car, 
13,119,253,353,383,car, 
14,895,133,1042,229,car, 
15,944,18,1090,101,car, 
16,0,359,23,437,car, 
17,1233,17,1380,104,car, 
18,561,581,833,774,car, 
19,451,372,681,501,motorcycle, 
20,310,527,586,699,car, 
21,0,509,270,683,car, 
22,0,750,68,795,car, 
23,0,455,57,576,car, 
